02 08 20 82 08 20 82 08 20 80 00 0C 03 11 01 02
11 08 1C 80 00 03 80 01 05 81 04 20 00 0E 03 E8
11 C4 F8 F4 C6 00 02 40 10 01 05 02 02 00 4A 18
00 84 F0 0B 0B 2D A2 06 00 02 46 00 3C 08 51 C0
00 08 21 A5 20 00 40 05 F0 02 00 90 70 88 00 10
40 B4 70 84 11 02 00 0F 01 06 84 A6 88 14 48 8E
A1 34 00 54 20 00 F0 43 06 35 80 88 08 50 A8 04
00 00 09 40 13 00 8C 10 01 00 0E 04 40 9B 00 A0
08 1E 00 01 90 08 B8 01 C0 10 00 00 00 56 D9 14
15 62 D0 0C 02 20 AD 88 17 08 96 C0 22 2C AA 90
05 02 01 C2 A2 80 90 00 61 F8 00 28 2C C0 42 BA
10 A8 C0 00 00 38 CC 81 81 54 48 65 30 07 84 99
00 06 03 8C 2F 10 43 20 66 00 01 D4 82 08 0F 70
00 D4 01 74 B8 08 18 01 80 00 80 01 2A 01 18 00
00 18 80 00 28 08 20 02 40 C4 50 00 E0 60 02 F5
20 09 AA 00 11 43 00 1A 02 44 01 C4 60 FF D4 01
C0 00 A7 B3 85 58 C8 00 00 55 92 80 00 00 08 28
00 03 07 2A 00 00 00 00 00 03 95 A8 80 19 F0 C0
0E 0E F1 82 91 42 60 40 00 00 00 00 00 00 FF E5
80 C0 00 00 00 00 08 20 00 00 00 00 08 00 00 00
08 00 00 30 01 00 00 10 00 08 B3 78 F3 40 C0 04
2B 88 4B 99 C3 E0 FC 08 00 00 00 00 00 00 00 00
7F FE 0F FF FF FF FF FF FF F8 3F FF FF FF FF FF
FF
